/*********************
* T-1
*********************/
4 5
0 4 0 2 0
1 2 0 0 1
1 0 3 0 0
2 1 2 4 2

-> 17

/*********************
* T-2
*********************/
2 2
0 3
5 2

-> 7

/*********************
* T-3
*********************/
3 3
0 2 4
1 3 1
2 2 2

-> 9

/*********************
* T-4
*********************/
5 5
0 0 0 0 0
0 0 0 0 0
0 0 0 1 0
0 3 0 0 0
2 0 0 0 0

-> 3

/*********************
* T-5
*********************/
1 1
1

-> 1

/*********************
* T-6
*********************/
1 2
2 3

-> 5

/*********************
* T-7
*********************/
20 20 
0 0 0 0 0 0 0 0 0 0 0 0 0 0 0 0 0 0 0 0
0 0 0 0 0 0 0 0 0 0 0 0 0 0 0 0 0 0 0 0
0 0 0 0 0 0 0 0 0 0 0 1 0 0 0 0 0 0 0 0 
0 0 0 0 0 0 0 0 0 4 0 0 0 0 0 0 0 0 0 0
0 3 0 0 0 0 0 0 0 0 0 0 0 0 0 0 0 0 0 0
0 0 0 0 0 0 0 0 0 0 0 3 0 0 0 0 0 0 0 0
0 0 0 0 0 0 0 0 0 0 0 0 0 0 0 0 0 0 0 0
0 0 7 0 0 0 6 0 0 0 0 0 0 0 0 0 0 0 0 0
0 0 0 0 0 0 0 0 0 0 0 0 0 0 0 0 0 0 0 0
0 0 0 0 0 0 0 0 0 0 0 0 0 0 0 0 0 0 0 0
0 0 0 0 0 0 0 0 0 0 0 0 0 0 0 0 0 0 5 0
0 0 0 0 0 0 0 0 0 0 0 0 0 0 0 0 0 0 0 0
0 0 0 0 0 0 0 0 0 7 0 0 0 0 0 0 0 0 0 0
0 0 0 0 0 0 0 0 0 0 0 0 0 0 0 0 0 0 0 0
0 0 0 0 0 0 0 0 0 0 0 0 0 100 0 0 0 0 0 0
0 0 0 0 0 0 0 0 0 0 0 0 0 0 0 0 0 0 0 0
0 0 0 0 0 0 0 0 0 0 0 0 0 0 0 2 0 0 0 0
0 0 0 0 0 0 0 0 0 0 0 0 0 0 0 0 0 0 0 0
0 0 0 0 0 0 0 0 0 0 0 0 0 0 0 0 5 0 0 0
0 0 0 0 0 0 0 0 0 0 0 0 0 0 0 0 0 0 0 1

-> 131

/*********************
* T-8
*********************/

3 3
100 0 100
100 100 100
100 100 100

-> 500

/*********************
* T-9
*********************/

5 5
0 0 0 0 0
0 0 0 0 0
0 0 0 0 0
0 0 0 0 0
0 0 0 0 66

-> 66

/*********************
* T-10
*********************/

5 5
100 3 2 5 40
6 0 10 2 3
50 0 0 0 100
0 0 0 0 4
20 2 1 30 5

-> 265





